7
45404598864267397990390385943488137035284627340107149678122334651986013776211973201041387315931126266344942740040595034290118831057349386688707433936900247512554966554932165797744144468370080937922789418084788169578557763169515715767540981546917685109994259365784053059352447339853225443759655490037070189629778344244395
13877672860596034587139190766067294709371801917362590274827500687663272519029748047560479375963576341375536268710207439572644339997748949488181833591628504750694751180085424028231828084058865477645187066812043343045633055585923259429413167195275377473364409356568620514979836840086582584196673107360150661208804672267881
7342795499772478241598215171108772998364388619936234760220177736170383092156675661046434956495523688440044980990848482803443956411034824832464716121490580136129178833215746925360832869369680306841680611824411075034692242800001566273344204769254531004878630225930095751269227486851485230981415903016896224398613392816200
4541017457863117294839206222919704504285021307776397053103821293242002849461910860821952456377717710898377632504472713459276549938880043398791246509423607105029472508186911157100749437306261665659571852360616103788804712902116851052356366039797471492733688551970475265681756850367166328920407330018007985787715206750735
24428717043111977408857744308984740038267294543189740768493570193056577874025216755671326629194838666120294461565467765445537816892082938670392232086985954643339592630361641743696954772360842296964106508902841563125503503705614630272736787238486259179872458174107532975264031433617190317481264323111776493022663795118045
29516074081503097213949751381489554558690413082330686764661294287753378264991902983361933062153955672761383385374751524282699631079029984364829069324119291222808187822021208394059333625611045489466467058489738755249592262547762126816705605815747861164731250884771757308602895915328631632266405973343839603676396541333745
8168801180006070086410537787602831316010065445239151252507284871072843022692709853275140567594691543806716279477609630374450132797258179117169062737848887211399851757309580111773204338117977097566769498207419009570740605879628398399470674617737535324718748451248271123329115886218457435468161038312912243634021727646215
51
53
55
59
61
67
71
73
79
83
89
91
97
101
103
107
109
113
127
131
137
139
149
151
157
163
167
173
179
181
191
193
197
199
211
223
227
229
233
239
241
251
257
263
269
271
277
281
283
293
307
311
313
317
331
337
347
349
353
359
361
367
373
379
383
389
397
401
409
419
421
431
433
439
443
449
457
461
463
467
479
487
491
499
503
509
521
523
529
541
547
557
563
569
571
577
587
593
599
601
607
613
617
619
631
641
643
647
653
659
661
673
677
683
691
701
709
719
727
733
739
743
751
757
761
769
773
787
