6
27586022435293052201797142795141557771724628871768835336907917726998871786187578764179742230198768516862058803587048271749882153858086271
20110186552681382209978596941660425233587735821112068549963894905091359860625014550259622510372630816019475643355253314277233676590841986
47508729516357314736365882013897196675288904980290087015133526427327553376962852215950178233475880665706939846254778520278017289977884235
11969265018152844224698356791182583538474706485538521156648448914216284781578472184194634038696780014387674816931339986803940506860078265
47271361957720323636110400733045583640458629609958873261533265062141451484728041344934346293676145190845181822850303540571856023628242870
4914541750545311250114276624949927380234053683985972023055400081146978447841795727974830430876197199316206809837915127891478298311902375
27
29
31
35
37
41
43
47
53
59
61
67
71
73
79
83
89
97
101
103
107
109
113
121
127
131
137
139
149
151
157
163
167
169
173
179
181
191
193
197
199
211
223
227
229
233
239
241
251
257
263
269
271
277
281
283
289
293
307
311
313
317
331
337
