6
6687531287304689354236139591276600607747907363075136034433595525393540158257659712230006748418186058797951346544247916442216821855839775657083359995111947051325414924150865985651470949986369269993613642309550161269191693292959896495514096434867913324531371025291554466260411476518190678949165234081560718589909186363071563292096483202807862051873959075843180271375171821315210581716140265013529654931021363109169108878209433843175538624758863091640754751822549413164455835689739532684775309860762165910150167310211395600900260333972306106857225493314423353069173939439923278129130262835862470805021941595138304757830845034597057534407625819058012417080065778151345198858129637169299540649657319496385614230250663510826744040
17893582177989459286055048537681307971605392442797395848028251201047166636670939877288467949414210597058762312348627333045509308533234897496224976559509150690525793370218565365077109798382874574090947084849096581544203215533646075311806845933794146548772141699048507220481960701800389051522613087699097781417682308750080684192493091067513909883475467843227033074819075027622239076429189041403175751390719547931710372324953459731000679870588611652976595115656726465644358374591687873655394565642305719739775018981678669199022416609910256513613193554701483878389190346679422543115310021287911093512173479037631541372042717597690643787409723197713712571386040834682544478023310904883229143464702730001259807034923941128867563785
18338993218938538303136570924823168031660342570856417150622141499731728404400585904091108283359927479737111575227572107526158511791981983747260316148912449831592637286557732778531119082582128929921565008067202769866179195440496039141230577788674432589353292029626432101196900644587631778655667441220135850903215739813064940267631947338991750729439903200981690943650385444522542970176746808228975925053055797951862427320126887315819969964000691172151122020790865741746773728262244811737763342083351139503508328928306501929262938034672212426106762937220224648769995770709018255120322241474230479629861232307761676845866403455729308091914816688743232842353586192330404263933947145808477708565320789095283026331285271202677946220
20184937480647970040889169551196632083248955668381480338850405978410148423080288000080822515458980576826243292072294147877838927116625485160213521715840746101344229457112483277756291302050471140561585911911227608326115193533437927765756452141024604014434963029267839247028601179737831099432613766667621197544679015532966367933050806833970665395326620311800551328216742287873123664449166990533482865173498460549742053390124338170140109112694637949474855906078477978695815826145991154420392935892147079923566743998684564030922126887374556632875621330453510983389277913651035062104752807927919192127907098444298711088650801771319085564253203937597432585075578692148438518051795255468568680597455692456812217779226171366694457070
6720820099033360637226739572937661480180579587684934134443942756178230310856755650555632815842144304679942581746617429908747682766964868031349162326443036965425325793302237267833303644323080834831599847145403726152286778791722701083054366784904573494987742202121058692962324957384036179014850142575158147398073744680722184163234061922830412959236097555188221543373540348039692306641735711097845299763051538382731763557673842141133644854415756603462178732617202730247985417292929895225098859220882808365234054137425667133572930197699887761743756074109830815125402228276543230398937754168052612341840453289141526372525319223436280702046917452873758752896619399598929357065675757801979398260329230027444793570558322619318430500
2045340545542157711688023254605585309052690614796101193436206300224154386158363641293163936214494101808070871411093770016847361198927280710786734823098206259235817362599918274763872715577723431941958744914846095303839647975498324593528060311274777772240020461230712847427424859187618308257702903331733323248635404716151430494012526531310379291565147847270971360356911039643295358449756882966844834591876903991260521345599103046079343470238070091360964402379429400592353041831480919570739441355506255047635609129005981297902371441292047920198378849406005573227511505174477676405895995220592372312332149901381790079686786142015602872598320605069029138065779914720756069762796286356457972676844568571038628408224638991717426265
208388271965
208388271967
208388271969
208388271971
208388271973
208388271977
208388271979
208388271983
208388271989
208388271991
208388271997
208388272003
208388272007
208388272009
208388272013
208388272021
208388272027
208388272031
208388272039
208388272049
208388272051
208388272061
208388272063
208388272069
208388272073
208388272087
208388272091
208388272093
208388272097
208388272109
208388272117
208388272121
208388272129
208388272133
208388272139
208388272151
208388272153
208388272159
208388272163
208388272171
208388272177
208388272187
208388272189
208388272193
208388272201
208388272207
208388272217
208388272223
208388272231
208388272241
208388272243
208388272247
208388272259
208388272273
208388272277
208388272283
208388272289
208388272291
208388272303
208388272321
208388272327
208388272331
208388272343
208388272357
