8
14994258010366276160153773477791108062676810300247569263926526577612416857777193741581223083724320520295987256599694757034023996829770922736506590495062916490633064857236560274230502194006837804433425315502935704784385701502594289993330175495373349610288052200998890378218928427181146181950428855698697038149927151644093127036423715957755405731040792667943350367068061068844459800971552646188498901642361885815191605981592793144103373702528599738191995451910882666311115399103693759586206522760897933712852743871344612899941516365003270471354113127136528454054811937401854785489075505008922566542204946518613719410620543263965853080319628926371351073347250537839387052631210626338579761070856625
12506186028972890439771922951712000741376058141313442557207119986744176483743564119444347949325322227030233197046873380083149574676333063360854917497184917970700152420420960097821711317106674406143119280216026298351960841950757633531566141500664536093592068982127631547319843114473584427921866607665233453485762544231564193231135179012871593225801004216274350742199853512876700051220242959997107269781975408385517118885487826009596205883897807569475956994798710438468680647143200259478559372354056494321949511018724194559821419580473377843365757861356843678496065329904613842754168948366997545270599594424343113289858967347172744053218173847609547347270251913764875740606672563329572302146017901
14932039875307950218041921161470082903099639244223625273439003068777005017466771664205263753741859489897461644428773350915007613026232528168881912788657020162500296589837305891384344731200072636509976208477291148495633700021283285342463471520052906392474207911990057593815061441500905728150250945942539443243004850213289833536692698248636241370895899890150657850939279769231043512751880035129316952422920943956008059706051819059629401603976300342582950001212373051260207393229923470026561635996082845152001913579977100653202017893887927206066638116787090438312936839976211921320048040725209936203429456430246373797293667661429480526233862302306995224737071644510972349664678982137123281796415576
16664755152971879664895991613581162235360084163492957307383311424620698920150933818485110794613907523538552259354159559036969643111319587392415866523801491231807088575822985410103856779928506388371570076781289300368413455728596455719887125879535325679119317872671698768270191159138191543289775888022700026269791890206578085244518321936512626409680593918916548317852314103557341264468798802725503987390164241133401893987192931600505190978002053509952755042603692647152307796756997086335251212246956870237724452191649349907012939097277988644126829360613092626061994767919166354737092890028844347551788956563790858223050054207233122565085503542853502981925676507473764727958909154369524924924316525
17709178690020373042808308502958005381076974571368540045937427375171503462645261501577829952316625275166098916519997593861863553303596530433586585598655148636350818625645716517432544750783141495336427839375434617105571578260490798391064487952167512604702074033536473689149228551508630943660990325720486391960501831101272106449786934848920961816099310849370725993550947050886139445804986335390821230559978069757138169628279507054866573542950612472620589156392822680941631901570832785460947525989896375479991759181544289511441256856336204945115485746212875475165649672308422500604884716998336302762550786083795722818061991664773654992512104980208582521358983131271887935074450148492413605857361450
12990159081181245271659325595045399732572414280353312347610776525656162986877023628428502642157310858761353010118080729344434033198777792972690521861480903310722727674522789414571337271267045474982722558431878824071708072293484180813845019315483265816055163109427478656163547804542591619880940506272776167778944747847188349032732096098142231099057899384465316706385876853367121790311131434635663156468948504392101580369408406311522395503149341114497404528047528946094926753094317660367170671184325082013959619145902769940838817737137766588415410715794643757672126471337014699263715652500718728605358593714085354826873045119538973428140702473335150453608673957917509171201741938811097684986673950
10924665373534701528740855096305396927246981816688466630312159105166501386103146203535268645645948674334025886617309483524114434785359270659994536464625859250477148624812969078902384609941210473119070277628726274254070606396244457238808602548285512077558015935884612771572816328674322894368373059809888207508958956802394073588028524002712514408906755890223390527363288978246111030147593258445613427060577913780553053270727499717272836537313936906381338290470135156007373200740762138647039588102346943842247200453202797161840520352077550856655213705492884649336386090532313553514947876681048404018249174140083063480615512729410345590806019501731440662307572566754212176963560749004507864708245725
86705203948812274571978035837270912358694678750371086876496872962223842002950482624595847596196569958418029580960566702738819361197377998360541893133680394694301864077292904584883873684989897954342150044031115653412344961136529711766321223682103877808113825063727536886856662852101723338315464386338192849187672823728918541583606366550468235232585542557323067914361085856286300764920584147611984062061640334216586707503225020700566242611173886266670498082541910022804654997386959786173428784610305733581417833670322265695626332811540107153782132290591958699074003153389385730544809616965277501329313079745103278046572099759983390889507866100667060412042570722379670887425945490379882666282325
9
11
13
17
19
23
25
29
31
37
41
43
47
49
53
59
61
67
71
73
79
83
89
97
101
103
107
109
113
127
131
137
139
149
151
157
163
167
173
179
181
191
193
197
199
211
223
227
229
233
239
241
251
257
263
269
271
277
281
283
293
307
311
313
317
331
337
347
349
353
359
367
373
379
383
389
397
401
409
419
421
431
433
439
443
449
457
461
463
467
479
487
491
499
503
509
521
523
541
547
557
563
569
571
577
587
593
599
601
607
613
617
619
631
641
643
647
653
659
661
673
677
683
691
701
709
719
727
733
739
743
751
757
761
769
773
787
797
809
811
821
823
827
829
839
853
857
859
863
877
881
883
887
907
911
919
929
937
941
947
953
967
971
977
983
991
997
1009
1013
1019
1021
1031
1033
1039
1049
1051
1061
1063
1069
1087
1091
1093
1097
1103
1109
1117
1123
1129
1151
1153
1163
1171
1181
1187
1193
1201
1213
1217
1223
1229
1231
1237
1249
1259
1277
1279
1283
1289
1291
1297
1301
1303
1307
1319
1321
1327
1361
1367
1373
1381
1399
1409
1423
1427
1429
1433
1439
1447
1451
1453
1459
1471
1481
1483
1487
1489
1493
1499
1511
1523
1531
1543
1549
1553
1559
1567
1571
1579
1583
1597
1601
1607
1609
1613
1619
1621
