6
146723612412178532230743793648134023942459760588947501065013952201840393188205354748472082830379105459502687852328331010658976774485755029840270
244895299674413282266481773787169298566906992938619293342221116275031862018604057683566541762753152623165289736451072725935091113617557721478436
256134875603679243545092005945141822717439441786487291871484978479012247561328048649831124288292283765926367658341225496372403915903786818887735
117672731206906583066724633053091980825645795052459089397185564728261553066348458600914135611014128245888731611160173935265366512441316170061870
164859814474124988834943961653584544931979287230436611039979483740061431122009331626383933134794890255171409382898333145710514779265083374238625
19727038647855494427933963407369278556655769462703443008492955745211498612640673449633939919380173308126001572639538131754965127931807364360640
51
53
55
59
61
67
71
73
79
83
89
91
97
101
103
107
109
113
127
131
137
139
149
151
157
163
167
173
179
181
191
193
197
199
211
223
227
229
233
239
241
251
257
263
269
271
277
281
283
293
307
311
313
317
331
337
347
349
353
359
361
367
373
379
