6
55044983008614457030613159972941700480378749754620604963095016951854523453069616532632641162816549699355969883228942323211736482560
62305292663932239789768683097614513243074149192308971308536582284299235814084676608373207402282117444357728745067903769436596981401
42501086815649366908485166766002182718517910822300123694086171293442469758780995328408094001320061730643706353079631466284668800140
50132075885360508913460377322097617807240502307694752852047811234062844344992107694809881488096396534396270681004215418506387017650
47839518094612500158255081463110498170962764054107047005404519727033580986344150054396193722000247900333591417034823555936654523910
27528374519681220795548326345471945653535771932147116536790370061358084001519496836479193317471825502205091780042668156912312910355
11
13
15
17
19
23
29
31
37
41
43
47
49
53
59
61
67
71
73
79
83
89
97
101
103
107
109
113
127
131
137
139
149
151
157
163
167
173
179
181
191
193
197
199
211
223
227
229
233
239
241
251
257
263
269
271
277
281
283
293
307
311
313
317
