8
624101176658721240726140944951958215937244885568938102372814185501211759891860810192983352379832541783124023548182864694826842044773758119383522773828035412833315829191778227651714922487884313653767490973732705957286554030827539426497562483027039797659181920413267142977646789627793420250419938313393227340424386086743097781664739911649268126844171491703799923936684444313277131502084849790382210373693680451409171117554148338262975356705310231131749985748752435292080259763057972082422123518545942436547593047459688983683963537113954206414550649319424920025063828061022122648865879728826349910993895581576041283803191955620289072154977331454108856419371051941766389645900701196374713792719054500
903409238871976538670208140751659594394375957018382533428151367913057073352883410502596802040155539814360858175629720019357615163901627918393747976170357001946117005661620214282266243236143294724485993576576089229316181308014884868969426256103075206070073656016565105657488653288524453441000496334781392234348473651460911011947231364681807689046160026130177093177755386450514979090699952147250370786645631835085998267012264009828272277924313909158058953873976909374497812908049234242578445833425730285646089858980725123281168585556151827615324340488385794769477484202713259772199946273319395939200044308694460922559980962644763192197066514474872513952954436757833280148279350316231661203498891176
1410193174320791330745286692185741874209851659726216881977589519924745351306127704893816381944235321780016698216291770852638917556680848469234067830555338457532268510307237405850753856815004432825300656347267186364244445311248124316162713576023458897066931035259226489799486482382748305228366518414927883674061854272605555803932234450524497448051658387643298366573209481424644439283739464493995068758116660876987469002528691714708651805253830847814488532465119470449136917570006339429982916315815321279594724991597693917441533538203835010517479794788794512543060202834009510501276000029346895385682199103028728039911420728836774359401655368463032266046961004551028653385319706296157815242877869305
1412243558826497382322903195194489246384059358473321550046735508269665014094404864894047373503396573841154322085998118157750435935260098923758976194126042942007397681070251050362414705306325115054262275219255380701117572149562012287071187517987878936575976693460637662096007351395334826334808644068423766998699435457347398694162382570858954541991063051714532682015326601258435532170864276282863590707217469955685820438876083280423501544078724956022035462175383996552399219374605788835460919940977322071126518993681022485651622825510593751576449649434963243464186347517686854673307120978315080946193115506738140098235465749606448413439036844035788520650395889475222279791472023363207723459181162865
290295424454731658225860665806251501113096921021788996508563813794747138394838920512736947372788601585186041546456622328263113061062939656662249663898323532204508945390922822620461233691620252819789992478455102696689007825357779671645443011966230356799879921013979752093250677432562385728030535922318403633066661794921478967132588077758595042846885449631463951056184961052167631792114737598815437051386051968036420809231958084868868653738582991037654564156099994700767181051388385290341652564643608439636060309022985356813745664375081718071079123031373810822434841931758096761700433296471356906469862134924080661880984358497355786692284751123278828458663258390653023997531617779725018241006751140
394438143880569138268993378644988075372333520874926780942630613516297564209917921036441907551436979331680463489046001429583235060411905594692383483794917298350431009691354045980780644954353793886963920689715904142979944228286218010589069475392200974648429617786364585462471193460915813306289996027381908651696717580033946176738543133902501928761332237313030950736233617934137172685154499074010449670256854603896275266003819059735982399568007308247901989975388469334058494169339733903565600796969476722427335705148604789984303636283718736876616538952406034217746272408799678760990688633609623712737082713014676322107820403390444101815257592853414656797624121036770615250619994966969840635524841210
1716914565886195691644615471686831836766860045051814058305594545657476073539170386803769974116644906658607764311723668833813467579576111027243120904513475634007837661234716514022484424352454734328597336427420354477223321172663815939895194370924610158192607888312096869137822606054853317496318001319716445164708327180196906312549263001084909797067048621658259262178541470379945792045333638263128749755120947724927237912678945851929202334529167949994555305780333304730579630260076754470631336189906459505409314700215366398849476630952829669365898423889217567386161152326279382762904245342726001522335184369466639278516935214256741376589825849574584711586632668898179691627748685779985092123562157785
1712032766290060937917962636887341135146938173015117235213775791526651935482721160758886991827540738238170663974911431395467329678727189276703880773904097804192472269868979923251602087653915894673804109467208367305360933754091805821992230052269150441572020792727037404271451239797299348485801034726328242112164858239691641553748781303000959756419507387109616825749537381637212303330267977709653989411261267055892364666152821662109853689575558186839937308006235899508465663769087697548471982590212890995812218289680283690206287374808562633426224048002430127469899870159657786934691048075051973673771743452135826715269056464907140413078258517973331370587616261045436987866912852235736043603453210125
11
13
15
17
19
23
29
31
37
41
43
47
49
53
59
61
67
71
73
79
83
89
97
101
103
107
109
113
127
131
137
139
149
151
157
163
167
173
179
181
191
193
197
199
211
223
227
229
233
239
241
251
257
263
269
271
277
281
283
293
307
311
313
317
331
337
347
349
353
359
367
373
379
383
389
397
401
409
419
421
431
433
439
443
449
457
461
463
467
479
487
491
499
503
509
521
523
541
547
557
563
569
571
577
587
593
599
601
607
613
617
619
631
641
643
647
653
659
661
673
677
683
691
701
709
719
727
733
739
743
751
757
761
769
773
787
797
809
811
821
823
827
829
839
853
857
859
863
877
881
883
887
907
911
919
929
937
941
947
953
967
971
977
983
991
997
1009
1013
1019
1021
1031
1033
1039
1049
1051
1061
1063
1069
1087
1091
1093
1097
1103
1109
1117
1123
1129
1151
1153
1163
1171
1181
1187
1193
1201
1213
1217
1223
1229
1231
1237
1249
1259
1277
1279
1283
1289
1291
1297
1301
1303
1307
1319
1321
1327
1361
1367
1373
1381
1399
1409
1423
1427
1429
1433
1439
1447
1451
1453
1459
1471
1481
1483
1487
1489
1493
1499
1511
1523
1531
1543
1549
1553
1559
1567
1571
1579
1583
1597
1601
1607
1609
1613
1619
1621
1627
