7
9951724595273356982635682293810929528531523359112798269413510371039737280759293227704902922551913520044553634433203604798148892410442639152012569476567624741065184078514972573246683547291818642080379792014708108632814665747145952845098185413721277729445686811581974615042690556277444966191286588672712165
14023386434671193257655626484220926034051729475934737699710275638677808321101196660658174359592199117344901344863537477069201098213934981854008614329257907933739326816959446895372652312876674783745597755089652707803234070122351784457728821663407105985119309392606852926967305304354176590706805660415668231
9306596963780803781536726541364620425585000494803695887127827294278232042297067358911545020670622499652191959803372094714974159074114636792137458460538070642383283957276087624616047436738331146653880223729388058883343452634379726588327239026351690131192825640498070377301611087437058585207161809363579765
3643874982454896701049161155490496112475940382225507319414083736007878712423116629485238783811496645058675985388055407403371974782187579161746788203623267294245350213280730598830508363562716453229587635287232550965115106263985688788970156088848375164846914128055152084838918088754266314057583426573579085
11889050214153258458360022643389282196570668497248542594585307341692975478982020158374997835536408004997878786347827420041955759930639274339642590076963632802325509252266241480155260125386530578727680399695617648384528970649573055579067365678433833622554319333499884418018044695699996846123603182195898735
8373347280600142217336025510538522153096225100400332792442757908156047877050726957662884615807949029487432962447901647191873980484118211491811113147546064460640122378024419330997520048536452875838408694455481907891463957081841803073919218140898510757998477198249686302740396704396669504066735343829293685
11360741951823049058794398673308846906683634281994248443905051844211948258764903156976219774603648482202649070339558633539574231769673448189483886255652688417988783145475555083151557880720297051950666109671661869137348149388126986755584237890311772368819611959120447940558403481018164477911471768260026765
11
13
15
17
19
23
29
31
37
41
43
47
49
53
59
61
67
71
73
79
83
89
97
101
103
107
109
113
127
131
137
139
149
151
157
163
167
173
179
181
191
193
197
199
211
223
227
229
233
239
241
251
257
263
269
271
277
281
283
293
307
311
313
317
331
337
347
349
353
359
367
373
379
383
389
397
401
409
419
421
431
433
439
443
449
457
461
463
467
479
487
491
499
503
509
521
523
541
547
557
563
569
571
577
587
593
599
601
607
613
617
619
631
641
643
647
653
659
661
673
677
683
691
701
709
719
727
733
