6
73725068741640515113752635847151251513693499978722813538324979062053575339532471849385181646170759493628472428025517983012637525
69688486721383283357927366174203091035184585407733222264668009519196088386268608597216246089334021858201437115492760440786667805
91417266120296524057577683227042095715810579448250117834204913122880416317470170052095539491242708195211948022209412736698728390
37212094712872251399358329512067925176287714942021331091706460695042467223249772934395794896912667442590831407503658922363322030
18646111885369887303489961255825266891827752012256799189892436834312299692968105431275520134869636690061541987892639821985167050
89673807703297075997799299445574691006530326586042962722303396880777532557269185903916445198960258032495570946601696646795384610
5
7
9
11
13
17
19
23
29
31
37
41
43
47
53
59
61
67
71
73
79
83
89
97
101
103
107
109
113
127
131
137
139
149
151
157
163
167
173
179
181
191
193
197
199
211
223
227
229
233
239
241
251
257
263
269
271
277
281
283
293
307
311
313
