8
385271063103391201927755637655945572501962364470806319387307411502845021798593910996934359165673934690998193159996200569690444826476460034893642792696320189197431473431413923838658296639308821408750544509711040633810931908772766754688840322877186247428514922612922331369194483342955228491275710239712505101564615719059870419651191720624184617791854339590617135735949162663871903343912587373026697128574508381501341101181682451558569080505698307959752476090479542961993583747835912617065596046599287825413966512016124437341903634404173898460799868379589654488277587457433565820396109352551592788358807044130169213733781650870590236869456901798313520001475967036875249417048517125843559371165757875153970332487170650
272805760378052910872742453859420772502953276693812017543957624733955791006298416946292511443029793992302109090922449511091871714536764415996882210970170776646089162398520462074318080978088924191430506542702892784295191538119779694760019741277942776119028974547801361553326242493313900887051178106743241324226038055468996614078453045323060040870691866679448891090065858581170845311284176111508172803319690984470471549994500761258323222417246405187434723163512827973074534718998035650850732804808922460615401243796080187955827722243268611002438057873580342224878857031182301946468491432788029638548886332522974195117859368690872603156716534456520367104809655192556260335432625763917131596031228951723158142323582636
326877048310055276837714341147520786768668172269199015200718378981213529114599431618212683836087049581264802575898266511855820423243866651857872529460071107166208164598608068566493553523970180426192599521732028078391158000523244758649686555609789919351076794979898241916425663647820006138722939212615743782762653227495142698286808756775013837381629240670200401132093331084439667309202589561281331734204896721167398190093905714840379220979961944626882363258191163260858280077512233939462349036946881486818311041590902635605877484041953625422042459765404173062136731399575717039445810787446863356990179327925667796431219305582545154674441107876378065081685316567877856995504710849309224171029136974043338532555237480
203116840629994727174576829466092091694829494033437421117863946171141002754101390233753615476551015213823561236600769820476211133404190554177046505660363697862856948914079901661798716419443067223360044165659407716999999539699051866812566670469876993428042724094642557515558866999285541595926094290730514765331174471147907868788217627662026324222992905057622968897728614397498114684848462616134191326188303786039223943793444069735684847686191101136003263896958477651754392909822236322506705731636383944997022655110369896287039390789691674283597924104923018958496917616517394753483563324205645913915334372475956376653852257906526243943361717775934403370987419499304467211830553547726832036274061201189105988838285545
517056367292774510174511939360349642181397264938529085567020026159220211576448856526190503575344928757716834085032755183411577120507330772429056587491725244750546754432351443287553604553148466392749746311792735099927502996997505305376467597091337853095109045396274585961548533707547744204914473721372688568486065371725895601965638632002367397257755949679244533595129272145703323688829560316237712822407022928870075021919544681399906258049970642455951908586897585293544967068251878289780639078828872369610083918589927757544728210559106780069884300275071692875753965058308569668677937085721874541547143421404254063111274099285499572984658495589368060805137107545499400142096754676792062649513581379327102089626166605
115495992862575964647084875015626136553081406609887581951547154832851638145570385657556711916231948182101415503138799191102099242784736559582580462378416132525701321495834634180744026189086368496593900049963385544934435314524626771883652988035515048784964861919417970747996388904964560862958432767246241810064469529156944085472896023892411418321249982762987526433957952681895943541115449380777894314132699225963120800157350154784234724150742487963572093085188561852855546911056059723964127281911888057348599924010868142159717719404357209469553064949278966172314276823247529043122713102004727374907756444024463269540484125732932229841279863036195553726594902590360023873692248396692071850582141218966723965236151995
198173484183755664865019479189278272727766555185416045819130575348621312999248391341244793350283339330693074782740314653946836878953941619238952704703933300704984201607795654041854077102174076721383122384298298383258316248542795026114595368747977957970980777402066548061135560378827841985053276980386562644449523582629760144031780614965130670927711932983792440830052141940741680852039565850677556636699201764716796935481596499449720901880526406766500130511499253030859223994559225222388606282545328264758585879749996432722038681624061115037867324437442070449323618590357320582630501026438178262625000242579982567909564647158247089247965412696529335249700347529062614837590744756793209330980260438758978871526028340
522388161258933705456497453459118020255768060145798466094659609846412758099199682528264648904200051292196848076261916479803661485371953068465421592713649590758565753243970879107059358208821960927311185850829500056348713793192501560324324019840684144292141380541593977178364067378485438979738718172202050407352526469591921013008558515078881611723402563750806509946455230428860877961528473375083843040443570954706741504894666380801140568304253174370000683591367542130897839075829924535172333063781255513708168678440924804285493639702258092215981774270218153815844002978644045119746789452512041929279146420707378453281630333674187779808411827198191854141680983634899012810320001483227697126243569401187596529033141800
51
53
55
59
61
67
71
73
79
83
89
91
97
101
103
107
109
113
127
131
137
139
149
151
157
163
167
173
179
181
191
193
197
199
211
223
227
229
233
239
241
251
257
263
269
271
277
281
283
293
307
311
313
317
331
337
347
349
353
359
361
367
373
379
383
389
397
401
409
419
421
431
433
439
443
449
457
461
463
467
479
487
491
499
503
509
521
523
529
541
547
557
563
569
571
577
587
593
599
601
607
613
617
619
631
641
643
647
653
659
661
673
677
683
691
701
709
719
727
733
739
743
751
757
761
769
773
787
797
809
811
821
823
827
829
839
841
853
857
859
863
877
881
883
887
907
911
919
929
937
941
947
953
961
967
971
977
983
991
997
1009
1013
1019
1021
1031
1033
1039
1049
1051
1061
1063
1069
1087
1091
1093
1097
1103
1109
1117
1123
1129
1151
1153
1163
1171
1181
1187
1193
1201
1213
1217
1223
1229
1231
1237
1249
1259
1277
1279
1283
1289
1291
1297
1301
1303
1307
1319
1321
1327
1361
1367
1369
1373
1381
1399
1409
1423
1427
1429
1433
1439
1447
1451
1453
1459
1471
1481
1483
1487
1489
1493
1499
1511
1523
1531
1543
1549
1553
1559
1567
1571
1579
1583
1597
1601
1607
1609
1613
1619
1621
1627
1637
1657
1663
1667
1669
